<?xml version="1.0"?>
<opencv_storage>
<cam_rotation_all type_id="opencv-matrix">
  <rows>30</rows>
  <cols>3</cols>
  <dt>f</dt>
  <data>
    -3.07148886e+00 -1.24936499e-01 9.43354890e-02 -3.07393289e+00
    -1.29536450e-01 9.85098109e-02 -3.07562852e+00 -1.34321868e-01
    1.04920723e-01 -3.07177353e+00 -1.35612905e-01 1.12625130e-01
    -3.07500887e+00 -1.37516931e-01 1.10877953e-01 1.19742163e-01
    3.05661893e+00 7.37247989e-02 -3.05350256e+00 1.46697029e-01
    -3.43324274e-01 -5.99110126e-02 -3.04131174e+00 1.17155507e-01
    -8.61421153e-02 -3.06586242e+00 2.08326755e-03 -2.94718623e+00
    -1.19568163e-03 1.02166392e-01 -2.80397654e+00 -1.03512175e-01
    3.00839692e-02 -1.79344356e-01 -3.15969729e+00 -7.83673450e-02
    -5.16427636e-01 -3.04768729e+00 1.09262943e-01 -3.08945870e+00
    3.30728889e-02 -1.72968674e-02 -6.48243010e-01 -2.91798759e+00
    5.92005588e-02 3.00323176e+00 1.14054173e-01 3.55974525e-01
    1.65094450e-01 3.06714368e+00 9.99381021e-02 -3.18137079e-01
    -2.97483921e+00 -4.11664546e-01 -6.08847976e-01 -2.84564495e+00
    -7.19621629e-02 -2.86637759e+00 9.70955938e-02 -2.81590879e-01
    -5.29940240e-02 -3.00507307e+00 -2.13865399e-01 -2.86133075e+00
    -5.28165102e-02 -9.76611748e-02 -2.97865748e+00 1.14677943e-01
    -3.00575979e-02 1.32408306e-01 3.02109528e+00 2.35942360e-02
    -2.16311991e-01 -3.12355351e+00 3.05753201e-03 3.10707760e+00
    1.89468443e-01 3.41420054e-01 1.08229741e-01 3.15878177e+00
    5.52863777e-02 5.24866059e-02 3.18296576e+00 -2.65576709e-02
    2.96059704e+00 1.37920633e-01 1.04847290e-01 2.97497892e+00
    2.48046711e-01 -2.91940775e-02</data></cam_rotation_all>
</opencv_storage>
