<?xml version="1.0"?>
<opencv_storage>
<cam_translation_vector_all type_id="opencv-matrix">
  <rows>30</rows>
  <cols>3</cols>
  <dt>f</dt>
  <data>
    -5.04023838e+00 5.56016731e+00 2.06714687e+01 -5.00862074e+00
    5.53477526e+00 2.06929359e+01 -4.98326635e+00 5.51482153e+00
    2.07492256e+01 -4.95756435e+00 5.50663137e+00 2.07748146e+01
    -4.92781639e+00 5.50186968e+00 2.07788658e+01 2.11743212e+00
    -2.32970476e+00 2.17576904e+01 -3.27508235e+00 4.74333382e+00
    1.28775110e+01 2.09160566e+00 -7.41605186e+00 1.71609344e+01
    1.04923427e+00 -5.32331753e+00 1.65918694e+01 -4.82402515e+00
    8.21158886e+00 1.94449635e+01 -6.94639874e+00 7.82087994e+00
    2.18218269e+01 -3.61220032e-01 -4.00443363e+00 1.79801445e+01
    -1.83203423e+00 -5.50902605e+00 1.95010376e+01 2.33332944e+00
    8.11096764e+00 2.30168304e+01 -5.61972916e-01 -7.59289885e+00
    2.24163551e+01 -4.17483521e+00 7.71859705e-01 2.14674282e+01
    6.72359180e+00 -3.51516604e+00 2.22059269e+01 2.25206375e+00
    -4.12501240e+00 1.98781586e+01 1.46976483e+00 -3.87157011e+00
    2.17255058e+01 -2.43890285e+00 2.98200655e+00 2.14088917e+01
    -3.11962724e+00 -3.18190455e+00 1.77154655e+01 -5.57344675e+00
    2.74389529e+00 2.05734844e+01 2.95141077e+00 5.45180321e+00
    1.80935860e+01 1.46138179e+00 -7.95531178e+00 1.89342823e+01
    2.51139712e+00 -4.08676958e+00 1.50351543e+01 -3.13278079e+00
    2.31866479e+00 1.90589275e+01 5.51560736e+00 -3.71404219e+00
    1.52098694e+01 4.25187159e+00 -4.14890480e+00 1.76072350e+01
    -4.37446260e+00 6.48014593e+00 2.55718346e+01 -2.04192236e-01
    3.41272092e+00 1.60924892e+01</data></cam_translation_vector_all>
</opencv_storage>
