<?xml version="1.0"?>
<opencv_storage>
<Rotation type_id="opencv-matrix">
  <rows>3</rows>
  <cols>3</cols>
  <dt>f</dt>
  <data>
    9.6043952240548128e-03 -9.9706733490641919e-01 -7.5924207305647862e-02 
    9.9985379879565173e-01 1.0649908211463069e-02 -1.3377611483075660e-02
    1.4146965267676993e-02 -7.5784623227263259e-02 9.9702384838880220e-01</data></Rotation>
</opencv_storage>
